Val:	Mean	 Max	 Min
EAR:	0.24648	0.30167	0.18585
MAR:	0.99625	1.17851	0.79789
CIR:	0.38663	0.45548	0.32481
MOE:	4.06068	4.64011	3.70616
